team_id,gw,points,bench,gw_rank,transfers,hits,total_points,overall_ank,team_value,chip
1341730,1,51,17,2534686,0,0,51,2534686,100.0,
1341730,2,60,1,2865165,0,0,111,2514597,100.0,
1341730,3,39,3,4440226,3,4,146,3211725,100.4,
1341730,4,76,9,434131,0,0,222,1398671,100.3,
1341730,5,89,8,235959,1,0,311,533051,100.4,
1341730,6,59,4,1463181,1,0,370,385699,100.9,
1341730,7,66,2,1190446,2,0,436,241051,100.8,
3162521,1,61,6,1549449,0,0,61,1549449,100.0,
3162521,2,71,5,1502773,0,0,132,911586,99.8,
3162521,3,37,4,4863240,2,0,169,1400190,99.8,
3162521,4,67,13,1011647,0,0,236,782387,99.8,
3162521,5,69,10,2250468,2,0,305,691461,99.8,
3162521,6,46,6,4066224,1,0,351,857397,100.4,
3162521,7,66,3,1154120,1,0,417,568203,100.6,
3378241,1,56,0,2027164,0,0,56,2027164,100.0,
3378241,2,46,4,4940335,1,0,102,3372937,99.9,
3378241,3,35,5,5157203,0,0,137,3874047,100.7,wildcard
3378241,4,74,0,555455,1,0,211,1989776,101.0,
3378241,5,79,3,934537,1,0,290,1203873,101.2,
3378241,6,65,15,696136,0,0,355,727669,101.6,
3378241,7,48,18,4943833,2,0,403,950339,101.6,
4751783,1,33,11,4614059,0,0,33,4614059,100.0,
4751783,2,55,0,3585184,0,0,88,4465523,100.2,wildcard
4751783,3,51,2,1736788,2,4,135,4033219,100.8,
4751783,4,59,12,1902387,1,0,194,3049585,101.1,
4751783,5,95,0,78253,1,0,289,1252602,101.4,
4751783,6,69,11,423389,1,0,358,653643,101.9,
4751783,7,61,3,1971804,1,0,419,523424,102.4,
1423491,1,65,2,1209481,0,0,65,1209481,100.0,
1423491,2,63,6,2454458,0,0,128,1155870,99.9,
1423491,3,37,20,4863240,2,0,165,1680535,100.3,
1423491,4,55,5,2383746,0,0,220,1489908,101.0,wildcard
1423491,5,74,2,1510713,1,0,294,1048438,101.3,
1423491,6,61,17,1218798,2,4,351,857397,101.9,
1423491,7,52,5,3841026,0,0,403,950339,102.4,
4429028,1,59,3,1737686,0,0,59,1737686,100.0,
4429028,2,46,9,4870556,0,0,105,3059342,99.8,
4429028,3,39,7,4394275,2,0,144,3347834,99.7,
4429028,4,80,11,283652,0,0,224,1288182,99.6,
4429028,5,73,5,1673265,2,0,297,947048,99.6,
4429028,6,43,6,4621095,0,0,340,1237188,100.0,
4429028,7,59,4,2265905,0,0,399,1080350,100.1,
4890724,1,79,0,333669,0,0,79,333669,100.0,
4890724,2,91,6,301875,0,0,170,27874,100.2,wildcard
4890724,3,37,2,4863240,2,4,203,130593,101.3,
4890724,4,67,0,1074200,2,4,266,144259,101.7,
4890724,5,60,3,3685152,2,4,322,318326,102.3,
4890724,6,41,17,5225534,3,8,355,750861,102.7,
4890724,7,57,0,2858044,2,4,408,816842,102.9,
2764431,1,77,11,424793,0,0,77,424793,100.0,
2764431,2,62,6,2662301,1,0,139,590940,100.1,
2764431,3,42,1,3655799,2,4,177,942639,100.5,
2764431,4,60,2,1728445,0,0,237,755284,100.7,
2764431,5,57,13,4167565,2,0,294,1065641,100.7,
2764431,6,50,17,3168092,1,0,344,1102059,100.9,
2764431,7,54,2,3369589,0,0,398,1125739,101.0,
765186,1,86,4,131343,0,0,86,131343,100.0,
765186,2,38,3,5830348,2,4,120,1809694,100.0,
765186,3,63,9,404220,0,0,183,639095,99.9,
765186,4,51,7,3063194,2,0,234,876351,99.8,
765186,5,62,0,3319370,1,0,296,991507,99.8,
765186,6,56,7,2008700,2,4,348,966785,99.7,
765186,7,50,1,4429273,1,0,398,1136593,99.9,
4036539,1,62,3,1464883,0,0,62,1464883,100.0,
4036539,2,43,12,5244979,0,0,105,3059342,99.9,
4036539,3,40,1,3985466,0,0,145,3233468,99.6,
4036539,4,38,0,4950326,0,0,183,3704908,99.2,
4036539,5,68,9,2309679,0,0,251,3115886,99.4,wildcard
4036539,6,63,3,938101,1,0,314,2395237,100.0,
4036539,7,71,0,608713,1,0,385,1618864,100.5,
5015277,1,71,2,773592,0,0,71,773592,100.0,
5015277,2,60,0,2865165,0,0,131,969346,100.1,
5015277,3,39,0,4394275,2,0,170,1334342,100.2,
5015277,4,60,9,1778437,1,0,230,1027204,100.3,
5015277,5,59,1,3805635,1,0,289,1252602,100.0,
5015277,6,32,2,6488110,0,0,321,2066964,100.0,
5015277,7,52,2,3841026,0,0,373,2154645,99.9,
254246,1,64,3,1296183,0,0,64,1296183,100.0,
254246,2,52,1,4145553,2,4,112,2498845,100.0,
254246,3,46,0,2714462,2,4,154,2573559,100.4,
254246,4,76,3,454207,1,0,230,1045430,100.8,
254246,5,41,0,6227020,1,0,271,2105307,100.7,
254246,6,58,11,1552651,0,0,329,1714937,101.2,wildcard
254246,7,55,0,3138034,0,0,384,1676887,101.9,bboost
4070785,1,82,0,230928,0,0,82,230928,100.0,
4070785,2,63,1,2526504,1,0,145,373055,100.1,
4070785,3,46,3,2758128,3,8,183,661693,100.2,
4070785,4,50,2,3172896,1,0,233,921746,100.6,
4070785,5,50,1,5168270,1,0,283,1527021,100.7,
4070785,6,49,2,3442272,2,4,328,1769204,101.2,
4070785,7,51,0,4076377,0,0,379,1907358,101.3,
49030,1,59,2,1737686,0,0,59,1737686,100.0,
49030,2,63,6,2526504,1,0,122,1620860,99.8,
49030,3,53,0,1324201,0,0,175,1019789,100.1,
49030,4,50,9,3215176,2,0,225,1251255,100.2,
49030,5,46,0,5685418,1,0,271,2087383,100.0,
49030,6,53,5,2536299,1,0,324,1934085,100.3,
49030,7,37,0,6666102,0,0,361,2723469,100.3,
1791053,1,50,0,2644018,0,0,50,2644018,100.0,
1791053,2,47,0,4808808,1,0,97,3806852,100.0,
1791053,3,26,2,6469904,0,0,123,4800669,99.9,
1791053,4,47,2,3676227,2,0,170,4481463,99.9,
1791053,5,59,0,3805635,1,0,229,4260417,99.6,
1791053,6,42,0,4949194,1,0,271,4418846,99.6,
1791053,7,77,1,248928,1,0,348,3341899,99.7,
2948,1,66,8,1129026,0,0,66,1129026,100.0,
2948,2,41,8,5524351,1,0,107,2921022,100.0,
2948,3,36,5,4937274,0,0,143,3412688,100.8,wildcard
2948,4,42,1,4348521,0,0,185,3594251,101.4,
2948,5,77,8,1170389,2,0,262,2544520,101.5,
2948,6,36,11,6045454,1,0,298,3187219,101.8,
2948,7,46,0,5370540,2,4,340,3706199,101.9,
5060461,1,51,9,2534686,0,0,51,2534686,100.0,
5060461,2,48,3,4598051,0,0,99,3593264,100.1,
5060461,3,47,8,2498896,2,0,146,3187529,99.8,
5060461,4,35,15,5407912,1,0,181,3854089,99.5,
5060461,5,34,1,6763502,1,0,215,4881287,99.4,
5060461,6,43,6,4621095,0,0,258,4917560,99.2,
5060461,7,60,3,2068548,0,0,318,4604249,98.9,
